r_100_100_4
100
 25   3  84  77  55  54  18  78  28   8  15  23   2  63  36  28  29  60  12  43  69  42  79  46  49  68  18  81  38  32  86  52  38  17  93  48  38  80  70   4  77  26  61  80  25   9  68  90  50  90  40  76   6  44  80  10  62  53  35  95  56  19  77  32  59  66  70  84   6  55   3  90  46  76  92   4  53  65  32  40  72   5  81  34  19  56  40  19  37  30  65  43  47  46  32  27  54  85  83  12 
 80  28  15  47  70  96  84  99  59  57  39  92  73  43  23  24   6  17  34  74  45  30   2  35  69  33  73  67  59  15  33  85  59  96   2  12  10  32  48  28  59  60  45  23  95  23  10  49  85  81  23  25  33   5  35  58   3  48  29   1   9  12  28  11  28  76  86   8  35  53  10  61  57  75  11  98   6  77  84  18  74  78  72  45  38  56  16 100  54  65  58  12  95  47   8  10  80  84  18 
 94  78  14  98  56  56  98  82  92  75  62  99  28  49  64  44  94  32  38  46  10  41  76  22  64  58  85  21  10  38  52  13  96  55   8   4  68  95  44  90  28  64  22  91  51  91  31  69  80  39  92  36  35  61  15  99  19  77   8 100  22  57  92  58 100  42  94  60   4  12   9   9   7  87  17  84  76  71  84  17   5  60  37  38  97  18  17  81  18  81  86  34  19  59  27  42  60  56 
 52  90  28  21  35  83  94  45  27  11  64  15  25  95  69  59  11   2   1  10  91   4  65  93  70  48  31  22 100   7  89  73  85  15   8  67  76  95  58  49  30  76  71  29  39  99  86  41   9  26  38  95  88  11  46  62  79  25  64  17  21  74  90  98  58  43  39  36  80   4  69  66  93  86 100  14  81  22  88  63  11  89  19  59  45  31  87  62  58  71  45  12  99   7  59  84  95 
 86  76   5  91  33  58  43  99  85  34  15  24  27  65  20  45  75  34  40  37   3  92  31  50  63  42  34  47  79  24  16  23  72  70  55  31  79  54  33  48   9  36  19  87  16  96   3  53  32  64  62  32  34  77  51  59  47  95  42  48  16  72  96  31  28  91  39  53  11  82  47  34   5  12  40  13  12  18  80  79  53  76  43  73  24  41  57  69  85  70  74  28  57  51  73  17 
 52  11  70  94  28  87  60  22   5  75  27  95  71  69  62   6   8  27  65  15  73  52  56  38  81  30  20   4   9   9  71  78  50  65  18  36  48  83  43  36  64  90  46  60  50  47  43  83  13  62   9  91  56  97   3  36  21  21  21  76  22  93  56  66  59  42  59   1  22  63  33  23  25  98  70  82  17  48   3  22  91   8  56  90  39  80  30  41  98  24  39  48  38  74   5 
  6  91  41   4  32  75  51  99  68  85  55  64  31  66  98  53  20  37  22  33  34  13  60  12  95  36  79  42  96  91  23  37  58  35  65   8  53  30  90  73  54  51  51  52  79  54  50  46  63  92  30  66  49  71  92  53  52  57  29  63  64  10  22  22  65  73  28  96  26  64  53  99  23  39  27  12  49  28  22   5  59  63   2  75  24  52  60  24  79  68  37  37  77  94 
 44  59  82  38  69  25  38  13  90  31  58  67  92  87  57  52  66  59  80  47  36  26  48   7  93  41  19   4  74  98  26   1  40  49  81  99   8  44   6  74  94  46  39  53  63  40   9  48  31   1  16  28  79  87   9  47  95  11  43  86  67  91  19  59  51  58  32  69  85  85  17  23  67  16  80  55  45  50  74  53  74  62  24  98  45   4  10  91  64  42  80  25  93 
 43  28  14  93  75  29  88   9  79  80  92  68  61  23   6  90   4  18  71  73  94  28  63  37  60   5  38  73  10  91  49  46  95  77   1  38  86  74  17  73  53  34  87  77  70   3  34  63  41   2  94  72  28  13  82  10  82  76  18  49  92   2  81  15  30  16  91  21  27   2  96  65   1  21   9  35  34  64  66  70  54  29  17  83   3  39  30  74  67  76  78  70 
 72  54  97  34  22  91  91  26  85  98   4   7   7  48  75  58  57  31   7  38   3  86  39  75  78  91  14  29   6  57   8  29  63  82  43  46  19  79  37  59  91  14  71  84  67  90  13  29  92  97   2  50  93  45  56  72  55  95  10  10  48  59  53  47  65  33  57 100  62  66  31  11  12  85  47  98  83  95  47  99   4  25  10  71  76  36  98   2  59  95   7 
 48  28   8  77  53  56  14  60  50  65  26  11  86  37   4  83  39  87  19  71   7  60  21  72  37   9  36  45  89  93  10  48  97  75  91  93  91  56  80  44  45  54  21  61  51  83  18  26  58  28  17  56  49  93  17  88  63  77  64  28   7   8  24  18  84  39  64  41 100  49  23  64  95  84  63   6  58  47  25  73  36  43  14  38  58   6  45  45  78  20 
 51  62  74  19  95  42  68   4  77  88  10  73  58  73  68  75  70  19  44  21   4  72  94  27  82  54  92  53  25  48  21  72  87  57  48  58  49   6  71   1  39  49  57  56  26  66  58  33  87  62  39   7  80  77  76  49  21  43  65  82   9   9 100  34  94  53  71  36  44  23  29  27  68  71  30  28  25  27   3  56  25  43  77   7  29  55  23  63   5 
 92  69  33  67  41   8  34  29  31  44   3  35  92  98  48  62  53  11   4  54  25  75  37  36  91  13  74  30  96  23  59  43  53  48  93   7  95  50  75  52   2  75  75  99  74  14  72  80  34  87   8   9   5   7  18   6  67  76  56  51  96   3  82  47  18  54  45  44  82  33  68  52  80  75  31 100  23  83  82  46  67  35   3  97  69  44   1   2 
 16  46  49  88  83  14  94  35  82   6  71  91  74  36   5  36  63  79   5  93  98  89  66  61  71  85 100  70  60  67  36  19  49  13  85  45  33  74  34  77  91  81  14  77   2  10  13  70  21  41  15  66  97  18  69  11  33  77  59  96  11  67  64  19  79   8 100  95  27  91  39  28  38  73  11  64  63  66   2  56  21  73  34  60  65  29 100 
 90  24 100   7  62  67  78  57  22  50  34  14  92   1  39  94  75  42  66  79  81  59  15  26  36  51  76  68  37  72  36  44  16  98  44  60  28  74  80  70  45  13  35   4  36  84  14  63  17  38  57   8  27  83  51  59  40  15  92   6  89  59  69  73  37 100  59  45  72  35  99  48  84  66  92   5  75  28  72  73  81   9 100  16  87   5 
 90  63  27   1 100  14  18  79  80  18  24  80  28  70  13  84  33  38  71  91  54  10   1   2  18  75  93  54  62  92  42  13   2   1  82  32  74  49  18  73  81  83  51  44  35  76   4  42  16  35  11  35  61  85   8  88  73   6  20   9  40  21  14  83  58  53  28  84  83  52   8   8  78  22  56  71  25  89  55   1   7  68   3  22   1 
 67  98  63  47  47  32  49  97  21  32  47  38  39  64  88  85  75  65  88  87  16   6  32  96  51   8  68  93  16  58  84  46  71  60 100  29  91  93  19  63  38  71   3  81  21  10  47  65  82  48  48  94  54  43  85  91  23  68  39  63  51  92  18  90  23  88  78  54  95  35  45  70  16  64  81  29  63   7  58  17  39  50  80  89 
 77  84  83  11   6  87  26  32  71  84  97   1  82  45  13  57   6  99  17  46  67  50  67  25  40  81  45  60  83  53  15  86  40  98  29  62  74  24  31   7  55  62  79  28  34  96  32  78  27  77  86   2  22  69  40  16  34  79  43   5  49  24  47  69  72  22  99  30  69  82  86  89 100  64  65  99  25  46  33   4  89  48  68 
 24  44  52  76  90  85  73  44  69  35  89  74  16  29   8  87  89  75  66  11  77  35  91  24  52  63  69  87  89  48  37   8  27  31  82   7  71  62  50  88  27  76   4  33  92  23  55  74  77   5  42   5  91  32  18  49  12  30  54  99  92  83  78  43   6   5  94  64  56  43  39  57  21  92  92  26  50   4  82  44  68  25 
 88  83  30  42  37  45  79  99   2  10  87  29  42  25  30  52  67  89  30  78  83   8   4  15  36  19  48  83  56  57  32  74  76  34  52  80  83  52  67  53  57  20  67   1  19   1  13  25  23  89  58  56  38  64  98  95  31  65  25  92  84  53  47  93  74  68  51  95  72  88  94  14  79   7  66  58 100  39  86  68   7 
 96   7  70  92  95  21   8  58  43  94  75  26  10  22  20  41  44  28  54  69  83  90  15  28  55  70  86  40  28  39  75  50  14  83  39  77  81  44  90  69  12  88  85  63  43  21  34  86  22  35  23  53  37  80  97  42  45  97  24  84   2  57  54  75  51  76  44  65  84  82  29  51   4  52  46  12  85  70  34   4 
 17  90  33  15  47  23  87  75   3  35  75  55  39  54  55  80  64  32  54  55   8  30  55  67  10  33  37  57  87  68  39  45  89  67  20  91  51  15  63  27  38  79  12  90 100  52  71  42   4  18  67  90  68  95  70  44  35  31  95  40  83  37  37  40  84  12   8  59  18  17  48  45  98  29   8  89  50  81  70 
 28   3  10  46  67  86  27  12  13  37  96  22  35  72  16  79  42  25  19  23  98  39  60   8  90  36  36  88  95  98  70  24  26  89  13  19  74  87  30  87  75  49  37  47  16  60  63  90  24  84  95  15  79  14  51  66  71  56  90  71   8  91  72  99  21  92   1  30  89  81  82  51   1  85  44  79  59  49 
 62  26   8  33  12   7  32  48  95  45  91  14  45  89  37   1  77  26  66  77  85   8  70  30  17  15  64  90  31  68  50  62  63   5  94  87  77  27  46  82  51  60  19  52  60  38  73  27  72  66  82  40  37  89  18  24   6  60  17  73  62  34  59  84  52  21  74  62  91  83  69  90  79  78  57  57  94 
 64  63  61   9  15  41  60  23  87  87  62  20  53  79  59  89   7  26  60  54  70  23  85  75   4  48  35  79   1  14  68  41  95  53  94  75  50  89  77  32  58  80  75  97  87  50  83  88  78  66  19  59  66  54   8   9  78  64  34  84  25  57  21  13  22  50  85  27  81  79  29  98   7   2  31   4 
 85  21  49  50  30  94  77  98  27  62  16  47  64  99  97   8  11  48  11  13   9  17  11  14  26  11   1  68  57  84  66   6 100  38  27  60  77  20  87  40   8  62  26  98 100  18  66  73  20  59  86  39  96   7  16  26  40  64  55   5  56  24  26  71  71  89   1  38  71  29  93  10   9  81  97 
 38  47  61  20  91  15  17  26  80   9  49  44  13  84  98   5  14   2  37  61  93   6  83  12  83  59  39   5   6   4  86  57  76  40  88  61  78  57  46  29  96  76  29  30  94  48  35  15  84  81   2  12  85  81  12  60  23  79  82  26  57  67  46  27  57  23  40  10  25  22  16  23  62  57 
 94  59  89  68   6  90  15 100  93  86  54  59  94  71  27  29  19  14  62  25  65  89  56  89 100  68  87  93  18  23  46  31  55  97  20  29  47 100 100  26  87  58  41  65  46  82  43  29   9  44  25  40  15  24  97  19  63  27  16  79  41  69  61  95   4  26  73  46  97  13  61  55  23 
 21  88  11  43  29  53  91  44  85  31  81  84  41  28  83  49  93  72  17  27  28  13  80  50  95  47  36  73  61  79  64  67  87  28   9  56  31  12  43  28  46   9  61  28  17  63  80  33  87  96  97  65  39  73  26  26  26  15  45  57  93  64  25  71  12  75  55  53  88  96  48  34 
  7  47  22  87  15  90 100  14  13  90  55  17  40  35  38  14  42  25  19  23  24  87  44  56  55  86  41  78  48  98  17   5  96  20  37  15  22  82  60  45  72  65  34  59  63   1  89  96   7  42  13  82  57  55  89  66  49  68 100  42  54  30  95   5  38  90  49  69  40  45  80 
 96  14  90  24  67  31 100  94  26  14  36  66  39  91  34   6  12  22  46  62  47  21  66  89  99  91   7  11  66   2  45  47  63  61  72  42  27  79  53   8   5  60  22  14  27  51  26  52  86   4  34  50  43  93  92  52  65  52  29  44  80  59  97  48  54  18  74  42  29  67 
 35  87  16  75  89  23  22  36  71  15  19  63  17  33  79  86   8  59  93  40   1  42  27  34  72   8  26  59  54  41  32  20  12  74  51  44  94  43  74  54  80  76  72  61  79  28  50  12  89  37  95   6  52  25  93  43  45 100  46  62  45  78  86   2  95  67  91  72  65 
 47  27  76  38  90  36  21  78  90  96  82  43  28  60  67  19  90  32  43  62  41  25  78  68  48  63  27  30  24  18  41  25  27  93  13  67  64  99  90  21  90  83  87  60  26  76  85  88  91  29  25  62  27  96  93  16  84  64  39  58  23  72  26  23   9   9  58  27 
 95  38  39  19  73  89  94  79  67  45  13  47  86  35  96  13  90  53  47  65  80  38  40  31  68  93  15  30  51  30  48  18  48  19  58  22  87  56  87  71  85  54  55  80  11  69  58  37  31  98  30  76  45  54  33  76  77  49  49  75  89  37  20  74  14  18  90 
  5  47  40  79  85  84  91  31  33   9  34  60  79  62  79  37  13  69  53  79  40  72  62  64  80  64  64  61  93  56  19  69  92  33  87  73  29  80   5  38  35  16  15  73  38  86  22  22  62  78  16  27   3  99  96  62  35  18  99  33  54  23  50  18   3  68 
 82  81  47   2  94  58  72  15  87  75  42  36   3  58  98  33  91  88  11  10  11  86  26  73  33  71  41   1  76  78  62  15  25  52  70  64  91  60  45  83  11  74  68  78  35  20  28  17  74  19  85  40  32  58  24 100  63  91  34  99  71  85   8  79  87 
 23  17   4  59  86  95  13  78  41  81  15  92  53   1  37  89  32   7  16  25  78  54  55  67  95  86  68  76  78  73  72  85  51  71  17  93  26  89  51  78   3  31  45  72   8  22  34  39  70  11  34  88  93   9  97  22  82  21  45  63  36  81  80  50 
 83  84  87  89   8  41  33  95  94  10  43  46  50  41  68   8  95 100 100  35  99  38  83  59   6  19  72  27  50  36  38  99  54  41  27  42  18  64   8   1  72  99  18  39  11  32  94  32  88 100  74  80  92  51  52  49  26  85  60  13  57  93  47 
 35  97  47  10  50  90   5  92  96  77  92   5  66  40  98  57  62  67  69  26  17   3  37  51  77  84  97  42  14  29  76  67  21  42   5  61  31  83  34  87  32  56  15  17  38  18   4  68  69  10  41  21  35  89  79  97   2  29  80  45  89  12 
 80  22  69  17  89  20  65  42  98  69  88  29  37  49  21   7  16  43  43  35  32  35  61  29  83  64  10  29  40  85   8  42  34  96  14  53   1  42  53  81  39  67  35  96   4  14  56   1  89  31  94  75  38  70  64  43  75  26  93  16  24 
 73  12  52  80  94  68  53  47  19  74  29  71  97  33  75  79  60  30  72  29  33  85  47  95  68  47   7  43  21  71  50   3  20   1  89  55  34  14  25  16  97  19  18  75  23  81  63  58  27  36  57  74   3  69  38  86  37   8  46  15 
 75  87  44  24  42 100  56  65  54  11  65  19  84  59  50  38  67  59  24   9 100  31  56  59  59  50  89  29  27  29  86  22  36  55  83  89  30   7  26  62  77  21  32  67   7  34  80  39   8  46  83  24   7  19  75  67  73  39  49 
 13  61  49  28  82  25   7  37  43  37  19  78  34  87  97  88  34  32  64  70  74  21  99  75  85  11  77  98  47   9  31  69  50  75  73  76  91  53  65  56  59  78  46  40  24  89  56  20  17  11  14  13  95  61   8  31  33   2 
 68  45  82  42  63  23  12  12  53  40  11   5  92  60  62  54  55 100  93  46  62  43  57  24  60  18 100   5  81  48  49  34  69  51  33  12  99  55  12  33  21  52  92   4  83  33  79   9 100   9  11  34  70  71  96  32  85 
 90  79  75   9  50  84  36  69  87 100  96  79  48  13  28  77   4  67  59   8  94  26  32  83  84   8  27   2  48  57  98   6  61  22  62  27  32  77  47  28  87  39  71  92  32  49  18  16   6  31  79  16  35  60  15  45 
 62  10   9  45  68  89  81  35  51  40  54  60 100  20  74  26  79  61  74   4  11  22  97  43   3  22  92  65  86  93  34  36  17  19  32   9  75  87   4  48  17  75  16  66  49  21  82  50   8  96 100  73  19   7  34 
  7   2  83  84  22  14  22  10  22  50  52   3  75  35   2  19  65  21  36  12  28  52  41  87   9  69  19  55  41  20  59  50  41  48  33  24   1  74  56  80  27  59  94  22  72  50  86  21  39  60  88  69  65  63 
 51  28  95  58  61  91  48  67  66  98  28  67  18  68  40  82  70  45  22   9  65  88  56  60  10  78  66  72  34  95  43  31  42  76  20   8  70  64  55  38  68  95  92   5  69  54  25  96  52  81  14  99  25 
 55  49  91  88   4   2  78 100  63  91  71  92  79  38  31  98  48   2  26  22  19  44  46  28  54  20  19   9  69  33  71  28  27  95  25  66   2  93  70  80  63  59  10  15  33  19  25  17  10  20  53  58 
 56  20  45  54  89  48  66  43  19  35  92  23  67  20  80  12  99  49  76  28   8  40  10   4  57  74  21  31  70  86  86  49  44  60  41  32  41  94  81  54  68  50  96  77  91   1  53  46  49  85  79 
 56  31  77   3  40  56  24  52  17  10  77   8  60  73  61  74  56   7  52  10  63  86  88  28   8  50  14   8  38  17  28  50  19   3  74  75  87  94  91  75  19  97  76  11  14 100  64  70  76  80 
 85  98  13  77  57  51  92  47  62   7  19   6  87  33  26  29  83  88  40  26  28  49  97  46  34  36  81  98  90  27  25  99   5  63 100  39  88  44  77  39  96  27  35  44  29  86  23  63  86 
 48  23  72  11  20  61  48  50  91  43  76  32   7  17  60  96  17  42  58  97   1   5  94  49  72  24   7  54  68  91   3  88   8  12  11  59  21  80  47  58  72  74  84  23  41  42  96  68 
 90   9   7  47  56  31  24  43  31  94   8  80  33   8  63  76  81  27 100  41  27  86  62   5  68  44 100  28  24  23  57  75  41  28  94  78 100  41  76  24  43  76   1  74  98  77  81 
 57  11  70  73  35  80  76  68  25  64  77  83   7  70  43  95  98  78  36  18  78  19  68  92   8  81  10  40  61  35  62  35  82  34  51  57  83  35  46  71  49  22  58  42  28   1 
 10  79  62  65  63  58  16  70  63  63  14  69  87  97   8  64   8  47   1  88  25  92  85  61  64  97  11  70  57  60  66  66  96  46  65  99  34  39  13  54  19  49  17  62  47 
  5  79  25  23  33  10  51  75  88  15  94  76  99  64   2  72   7  94  67   7  40  13   4  18  14 100   9  61  49  36  94  29  73  78  83  93  93   3  67  12  61  37  77  31 
 40  26  97 100  69  33  55  24   3  93  56  88  90  82   4  38  55  61  20  12  64  75  86  51  11  85  12  52  65  98  57  20  94  71  93  37  69  73  96  26  57  40   6 
 13  54 100  61  69  99  76  44  18  67  80  22  93   8  44  30   5  40  69  67  72  29  52   9   1  38   8  95  12  70  26  30  64  12  13   1  24  35  85  25  85  55 
 28  68  78  78  56   8  93  53  79  41  39  33  99  58   5  93  62  66  57  64  28  10  43  27  51  47  89   3  65  25   5  19  38  77  69  45  23  54   5  83  65 
 94  83  16  28  30  97  30   2  59 100  81  21 100  67  80  57  93  82  71  96  18  20  90  82  61  44   9  39  68  73  87  14  68  89  24  38  24  74  80  60 
 13  17  41  40   5  32  65  36  99  40  29  64  65  41  32  24  31  91  88  36  55   8  31  60  29  20  93  43  31   1  99   8  45  27  19  14  98  62  65 
 68  24  63  41  70  80  31  13  96  36  71  65  76  70  38  12  79  90  30  36  54  92  74  25  97  88  72  21  46  37  71  30  97  13  40  89  57  49 
 66  26  71  60  17  88  29  13  88  77  46  63  61  40  29  86  73   9  73  63  12  31  25  96  73  91   9  38  46  68  22  18  36  39  80  32  45 
 75  24  36  61  92  76  38  37  61  98  31  40  49  20  15  13  45  96  73  82  17  50  14  22  93  25  65  13  77   6  80  62  46  59  54  66 
 55  90   1  51  54 100  23  42  15  25  36  88  23  68  39  99  27  67  81  91  59  76  24  67  70  78  72  26  63  91  87  73  62   5   6 
 29  96  14   3  86  37  20  20  53  53  23  38  69  50  28  92  97  46  49  81  83  40  10  99   2  49  20  47  95  44   6  21  83  85 
 39  14  44  69  58  72   3  58  84  77 100  21  44  14  66  57  74  45  58  70   1  98  79  20  61  61  30  34  69  25  54  77  91 
 78  28  81   2  44 100  39  92  29  99  10  35  47  50  31  60  65  53  37  94  49  76  48 100  60  69  42  64   5  86  20  17 
 30  22  78  90  71   4  59  13  19  24  37  21  23  93  36  59  83  60  22  49  40  37  64  26  36  49  55  26  72  79  14 
 84  57  60 100  53  35  28  98  12   1  92  95   8  30  90  38  56  61  33  80  92  80   1  23  49  72  46  54  17  88 
 29  79  61  30  92  59  84  89  97  59  25  91   5  94  68  39  37  55  45  42  69  11  93  75  82  86  36  69  80 
 85  92  61  51  60  23  59  66  27   6  87  53  96  78  30  38  62  11  90  69  93  75  85  36  48  81  35  87 
 20  76  29  68  60  86  51  90  33  87  79 100  73  22  38  86  25  68  55  91  68   1   9  56  20  23  11 
 53  78  67  44  41  34  70  32  89  40   9  59  70  75   4  63 100  47  99  78  86   6  98  60  78  73 
 33  16  55  70   4 100  12  17  51  99  31  42  96  99  28   1  19  40   8  10  39  94  80   6  97 
  9  10  37  51  12  89  97  30  77  74  81   2  37  46  98  20  27  38  73  50  23  51  66  99 
 22  43  38   6  70  47  17  30  67  10  62  86  12  34  11  32  93  52  75  22  78  60  12 
 16  97  74  61  66   4  92  99   6  79  87   9  59  38  12  75  12  98  32  39  53  99 
 50  81  83  44  72  12  81  76  11  31   1  75  53  63  12  56  81  85  13  99  44 
 21  66  30  46  79  16  77  25  97  89  10  30  43   4  88  33  24  68  74  36 
 30  39   3  17  11  22  82  74   4  32  78  29  14 100  32  87  76  78  45 
 68  41  27  15  87  75  32  87  98  87  79  65  16  94 100  47  37  98 
 77   6  93   3  67  39   8   6  53  76  81  49  77   5  29  86  81 
 74  90  84  29  98  37  48  90  63  14  81   1  61  96  33  48 
 96  49  55  29  56  62  90   1  86  75  32  69  58  17  87 
 28  97  19  41  88  60  39  26  80 100  55  56  75  79 
 68  58  99  93  21  44  30  30  13  51  72  26  82 
 89  95  67  48  92   8  34 100  59  62  56  88 
 15  76  56  79  34  97  63  87   7  96  22 
 11  66  23  52  97  69  74  20  16  45 
 40  94  45  46  66  27   6  32  23 
 98  18  22  58  66  33  21  69 
 43  30  85  73  18  71  37 
 97  66  71  33  79  88 
 27  90  61  73  88 
 72  95  15  92 
  2   2  75 
 13  50 
 87 

0
574
 30   9  14   9  20   4   2  11  13  48  44  26  32  12  18  11  33  33   9  29  40  15   2   3   1  35  12   6   4  41  37   7  42  46  41   3  12  45   1  40  43  30  23  43  20  40  47  46  46  22  45  10   5  29  48  36  22  46  23  42  21  26  25  40   5  41  39   8  26  13  25  49   5  29  37  35   8  11  24  45  20  32  42  43  23  30  20   8  18   1  28  28  18   7  20   4  22  20  18  42 

Comments

Density             : 100.00 %

